<p>Android telefonun eksenleri şöyledir,</p>
<p><img alt="" src="andaxis.png" /></p>
<p><code>orientations.txt</code> icinde x,y,z eksenleri sırasıyla 1,2,3 değerleri
içinde.</p>
<p>Eğer yeryüzüne göre telefonun nasıl durduğunu bulmak istiyorsak,
<code>SensorManager.getRotationMatrix()</code> kullanabiliriz. Bu algılayıcı bir
"türevsel" algılayıcı, yani aslında kendisi bir donanım değil ama
diğer donanımlardan gelen verileri birleştiriyor. Bu türevsel
algılayıcının birleştirdikleri ivmesel ve manyetik
algılayıcılar. İvmesel algılayıcıdan (acceloremeter) mesela yer
çekiminin telefonun duruşuna göre hangi yönde olduğu bilgisi gelir,
manyetik algılayıcı (magnetometer) kuzeyin hangi yönde olduğunu
gösterir, yani telefonun o andaki duruşunun global kordinatlara göre
net bir hesabını bu çağrıdan alabiliriz.</p>
<p><img alt="" src="rphone.png" />
<img alt="" src="rworld.png" /></p>
<p>Bu ikisini birleştiren <code>SensorManager.getRotationMatrix()</code> bize her
telefon ekseninin yeryüzü eksenine göre nasıl durduğunu
gösterir. Yeryüzü eksenlerinden biri <code>x</code> ekvatora paralel gider
(üstteki resimde tam ekvator üzerinde ama daha kuzeyde, güneyde de
olunca yine oradaki enleme teğet bir çizgi hayal edilebilir). <code>y</code> ise
kuzeyi gösteriyor, <code>z</code> ise olduğumuz yerden direk gökyüzüne fırlayan
bir çizgi gibi düşünülebilir.</p>
<p>Altta sensorcam kullanarak kaydettiğim değerlerden biri
görülüyor. Telefonun arkasından dışa doğru giden -z yönünün dünyada
nereyi gösterdiğini bulmak için <code>[0.,0.,-1.]</code> ile çarpıyorum. Bu değer
ölçülürken telefonu yer düzlemine göre çapraz, ekranı bana dönük ve
yatay halde tutuyordum ve hafif güneydoğuya doğru dönmüş haldeydim.</p>
<pre><code class="python">Rs = &quot;0.36073056 0.67114913 -0.6476358 -0.38567874 0.73957986 0.5516099 0.849191 0.050796863 0.5256371&quot;
R = np.array(Rs.split(&quot; &quot;)).astype(float).reshape((3,3))
R = np.array(R)
print R
print np.dot(R, np.array([[0.,0.,-1.]]).T)
</code></pre>

<pre><code class="text">[[ 0.36073056  0.67114913 -0.6476358 ]
 [-0.38567874  0.73957986  0.5516099 ]
 [ 0.849191    0.05079686  0.5256371 ]]
[[ 0.6476358]
 [-0.5516099]
 [-0.5256371]]
</code></pre>

<p>Değerler -1,+1 arasında.</p>
<p>Yine aynı yönde, ama bu sefer telefon ekranı alta dönük halde, ve
telefon üstünü direk önüme (yani güneydoğuya) doğru tutuyordum, şimdi
ekran arkası nereyi gösteriyor?</p>
<pre><code class="python">Rs = &quot;0.82920504 0.5577966 0.03580483 0.5570639 -0.82996815 0.028858235 0.045813892 -0.0039838166 -0.9989421&quot;
R = np.array(Rs.split(&quot; &quot;)).astype(float).reshape((3,3))
print np.dot(R, np.array([[0.,0.,-1.]]).T)
</code></pre>

<pre><code class="text">[[-0.03580483]
 [-0.02885823]
 [ 0.9989421 ]]
</code></pre>

<p>Üstteki sonuçta telefon <code>z</code>'si dünya <code>z</code>'si ile aşağı yukarı aynı
yönde.</p>
<p>Kaynaklar</p>
<p>http://stackoverflow.com/questions/11068571/getting-direction-vector-in-android</p>